%Thomas Schucker ECE473  Feb/26/2014 23:40:42
0.21685791015625 -0.9964752197265625 -0.297943115234375 
0.2123870849609375 -0.9940185546875 -0.4719390869140625 
0.180389404296875 -0.9192047119140625 -0.4608001708984375 
0.2115631103515625 -0.936920166015625 -0.483978271484375 
0.1160736083984375 -0.797637939453125 -0.434783935546875 
0.1143798828125 -0.795257568359375 -0.3847198486328125 
0.085418701171875 -0.8469085693359375 -0.3413238525390625 
0.0892181396484375 -0.899810791015625 -0.3583984375 
0.1229248046875 -0.9327392578125 -0.374908447265625 
0.0969085693359375 -0.955230712890625 -0.48590087890625 
0.1162109375 -0.9444580078125 -0.5030670166015625 
0.0880584716796875 -0.931121826171875 -0.5086822509765625 
0.0981292724609375 -0.926422119140625 -0.53076171875 
0.0848541259765625 -0.8497467041015625 -0.444671630859375 
0.0845184326171875 -0.8689117431640625 -0.417083740234375 
0.0746917724609375 -0.93463134765625 -0.458251953125 
-0.0329132080078125 -0.9657745361328125 -0.4587860107421875 
-0.8868865966796875 -1.119491577148438 -0.3606414794921875 
-2.083740234375 -0.7586517333984375 -0.135589599609375 
-0.135589599609375 -0.358917236328125 -0.358917236328125 
0.9748687744140625 1.084060668945312 -0.8478851318359375 
3.9169921875 2.131256103515625 -1.311370849609375 
3.946304321289062 1.709716796875 0.3071136474609375 
1.880752563476562 1.880752563476562 1.8070068359375 
1.8070068359375 -0.8202056884765625 -0.8202056884765625 
-6.122711181640625 0.8801727294921875 1.36676025390625 
-5.848709106445312 1.104110717773438 0.4934844970703125 
-2.124252319335938 2.218673706054688 -1.34222412109375 
0.7227325439453125 3.983154296875 -1.688888549804688 
4.951705932617188 3.187698364257812 -0.8158721923828125 
1.021026611328125 2.972640991210938 -1.532119750976562 
-7.755126953125 -0.9766693115234375 -3.061782836914062 
-3.807693481445312 -1.473968505859375 -2.335861206054688 
-1.191055297851562 0.401947021484375 0.2546844482421875 
-0.389617919921875 1.727767944335938 2.223434448242188 
1.236526489257812 3.583938598632812 2.541473388671875 
2.598388671875 4.703140258789062 1.277740478515625 
-1.879226684570312 3.387451171875 -5.996246337890625 
-0.1773223876953125 1.84820556640625 -4.3426513671875 
-2.912322998046875 1.215728759765625 -2.919830322265625 
-2.831817626953125 1.43096923828125 -1.762908935546875 
-3.95770263671875 1.51922607421875 -1.390609741210938 
-4.44830322265625 1.46600341796875 -0.898101806640625 
0.028961181640625 1.819427490234375 -0.4834747314453125 
-0.865142822265625 2.4464111328125 -0.9132232666015625 
3.65625 2.509414672851562 -1.29327392578125 
1.0604248046875 2.48834228515625 -3.542572021484375 
-0.5226593017578125 1.094024658203125 -3.048599243164062 
-2.529144287109375 1.819732666015625 -2.347122192382812 
-3.28179931640625 3.524215698242188 -0.53350830078125 
-4.11175537109375 2.960220336914062 0.931884765625 
-1.164718627929688 2.781600952148438 0.2935333251953125 
-1.081878662109375 2.68414306640625 0.1448974609375 
0.21026611328125 2.278594970703125 0.1329193115234375 
0.2730255126953125 2.003036499023438 0.5118865966796875 
0.7205963134765625 1.804489135742188 0.7226715087890625 
3.285293579101562 2.537506103515625 -1.268630981445312 
3.326736450195312 3.423568725585938 -2.004669189453125 
1.110870361328125 3.19830322265625 -3.888900756835938 
-1.139373779296875 2.228912353515625 -3.70867919921875 
-2.155227661132812 2.969284057617188 -1.70208740234375 
-2.1383056640625 2.969284057617188 -1.70208740234375 
-3.107879638671875 1.69757080078125 0.4311676025390625 
-0.674346923828125 2.4942626953125 0.043731689453125 
-1.633285522460938 3.008010864257812 1.181503295898438 
0.0095977783203125 2.858489990234375 1.608932495117188 
-0.3642578125 2.581405639648438 2.057144165039062 
1.373733520507812 2.409332275390625 0.6412353515625 
4.54656982421875 2.0133056640625 -1.814910888671875 
1.553512573242188 2.522064208984375 -4.232330322265625 
0.93743896484375 1.692230224609375 -3.222030639648438 
-2.555633544921875 1.822463989257812 -3.561843872070312 
-1.61737060546875 2.27105712890625 -2.032546997070312 
-3.0947265625 1.678497314453125 -0.28350830078125 
-1.003662109375 2.038070678710938 -0.16668701171875 
-1.438735961914062 3.031875610351562 1.475296020507812 
-0.9753875732421875 2.7552490234375 1.74664306640625 
0.26153564453125 2.889495849609375 2.800247192382812 
0.789154052734375 2.744674682617188 1.268035888671875 
2.046722412109375 3.282516479492188 -0.670562744140625 
0.4067230224609375 3.153167724609375 -4.254974365234375 
-0.3754730224609375 0.958221435546875 -3.7012939453125 
-2.638839721679688 0.2648773193359375 -2.962249755859375 
0.364837646484375 0.39385986328125 -0.0433197021484375 
1.353561401367188 1.4337158203125 0.760711669921875 
-2.153839111328125 1.714309692382812 -0.27978515625 
-3.659271240234375 1.205551147460938 -0.45611572265625 
-7.586410522460938 0.497772216796875 -0.1310272216796875 
-3.700149536132812 2.333404541015625 -0.4493255615234375 
1.132659912109375 3.629165649414062 -0.818939208984375 
-2.26458740234375 (null) 2.668975830078125 
2.668975830078125 -2.12335205078125 -2.12335205078125 
-5.24810791015625 1.186355590820312 -1.703216552734375 
-6.266876220703125 0.611663818359375 -1.072998046875 
-1.418914794921875 2.071548461914062 -0.70050048828125 
0.233123779296875 1.155487060546875 -0.757415771484375 
2.79736328125 0.92462158203125 -1.587921142578125 
0.5617218017578125 0.0751953125 -1.072830200195312 
-0.1135406494140625 -0.3449249267578125 -0.58099365234375 
-0.714263916015625 -0.6149444580078125 -0.370269775390625 
-0.45379638671875 -0.809356689453125 -0.57568359375 
-0.77325439453125 -0.821044921875 -0.53192138671875 
-0.4650726318359375 -1.014694213867188 -0.8769683837890625 
-0.484710693359375 -0.88616943359375 -0.704315185546875 
-0.1630096435546875 -0.8137664794921875 -0.3636627197265625 
-0.1551361083984375 -0.741790771484375 -0.3157196044921875 
-0.148162841796875 -0.87786865234375 -0.8840179443359375 
-0.3396148681640625 -0.686370849609375 -0.3748779296875 
-0.04998779296875 -0.9650726318359375 -0.5302886962890625 
0.08038330078125 -0.8422088623046875 -0.26910400390625 
0.186431884765625 -1.085800170898438 -0.4147796630859375 
0.037567138671875 -0.833526611328125 -0.471282958984375 
0.134918212890625 -0.9182891845703125 -0.4537506103515625 
0.0081634521484375 -0.828460693359375 -0.5772552490234375 
0.0374908447265625 -0.8392181396484375 -0.4310760498046875 
0.036285400390625 -0.8742828369140625 -0.4783935546875 
0.04998779296875 -0.8582000732421875 -0.4288787841796875 
0.066619873046875 -0.8799896240234375 -0.4962615966796875 
0.0506591796875 -0.837615966796875 -0.56829833984375 
0.0892791748046875 -0.8790130615234375 -0.5091400146484375 
0.07794189453125 -0.8719482421875 -0.5386199951171875 
0.1016845703125 -0.8842926025390625 -0.4644927978515625 
0.0626220703125 -0.8598480224609375 -0.5164947509765625 
0.1029815673828125 -0.8776397705078125 -0.4652862548828125 
0.0479736328125 -0.8320465087890625 -0.53955078125 
0.09759521484375 -0.8909454345703125 -0.476409912109375 
0.0785980224609375 -0.8878173828125 -0.485260009765625 
0.09051513671875 -0.8767852783203125 -0.4923553466796875 
0.0972900390625 -0.887908935546875 -0.4775390625 
0.071441650390625 -0.877410888671875 -0.4341888427734375 
0.0827178955078125 -0.8799896240234375 -0.301177978515625 
0.0803070068359375 -0.8816680908203125 -0.5060882568359375 
